1479425729.831 0.0244346093386
1479425729.881 0.0139626339078
1479425729.931 0.0069813169539
1479425729.981 -0.00174532923847
1479425730.031 -0.00174532923847
1479425730.081 -0.0139626339078
1479425730.131 -0.0157079640776
1479425730.181 -0.0157079640776
1479425730.231 -0.0157079640776
1479425730.281 -0.0157079640776
1479425730.331 -0.0157079640776
1479425730.381 -0.0157079640776
1479425730.431 -0.0157079640776
1479425730.481 -0.0122173046693
1479425730.531 -0.00872664619237
1479425730.581 0.00174532923847
1479425730.631 0.00523598771542
1479425730.681 0.00349065847695
1479425730.731 0.00349065847695
1479425730.781 0.00174532923847
1479425730.831 0.00174532923847
1479425730.881 0.00349065847695
1479425730.931 0.00349065847695
1479425730.981 0.00349065847695
1479425731.031 0.00349065847695
1479425731.081 0.00349065847695
1479425731.131 0.00174532923847
1479425731.181 0.00174532923847
1479425731.231 0.00174532923847
1479425731.281 0.00174532923847
1479425731.331 0.00174532923847
1479425731.381 0.00174532923847
1479425731.431 0.00174532923847
1479425731.481 0.00174532923847
1479425731.531 0.00174532923847
1479425731.581 0.00349065847695
1479425731.631 0.00349065847695
1479425731.681 0.00523598771542
1479425731.731 0.00872664619237
1479425731.781 0.0191986225545
1479425731.831 0.0314159281552
1479425731.881 0.0471238903701
1479425731.931 0.0575958639383
1479425731.982 0.0645771846175
1479425732.031 0.0645771846175
1479425732.081 0.0628318563104
1479425732.131 0.0610865242779
1479425732.182 0.0558505356312
1479425732.232 0.0506145469844
1479425732.282 0.0645771846175
1479425732.332 0.0436332300305
1479425732.382 0.0383972451091
1479425732.432 0.0349065847695
1479425732.482 0.0645771846175
1479425732.532 0.0174532923847
1479425732.582 0.0
1479425732.632 -0.0104719754308
1479425732.682 0.0628318563104
1479425732.732 -0.0069813169539
1479425732.782 0.00174532923847
1479425732.832 0.00523598771542
1479425732.882 0.0628318563104
1479425732.932 0.00523598771542
1479425732.982 0.00523598771542
1479425733.032 0.00523598771542
1479425733.082 0.00523598771542
1479425733.132 0.00523598771542
1479425733.182 0.00523598771542
1479425733.232 0.00523598771542
1479425733.282 0.00349065847695
1479425733.332 0.00349065847695
1479425733.382 0.00349065847695
1479425733.432 0.00523598771542
1479425733.482 0.00523598771542
1479425733.532 0.00523598771542
1479425733.582 0.00523598771542
1479425733.632 0.00523598771542
1479425733.682 0.00523598771542
1479425733.732 0.00523598771542
1479425733.782 0.00349065847695
1479425733.832 0.00174532923847
1479425733.882 0.00174532923847
1479425733.932 0.00523598771542
1479425733.982 0.00174532923847
1479425734.032 0.00174532923847
1479425734.082 0.00174532923847
1479425734.132 0.00174532923847
1479425734.182 0.0
1479425734.232 0.0
1479425734.282 0.0
1479425734.332 0.0
1479425734.382 0.0
1479425734.432 0.0
1479425734.482 0.00174532923847
1479425734.532 0.00174532923847
1479425734.582 0.00174532923847
1479425734.632 0.00174532923847
1479425734.682 0.0
1479425734.732 0.0
1479425734.782 0.0
1479425734.832 0.0
1479425734.882 0.0
1479425734.932 0.0
1479425734.982 0.0
1479425735.032 0.0
1479425735.082 0.0
1479425735.132 -0.00174532923847
1479425735.182 -0.00523598771542
1479425735.232 -0.0191986225545
1479425735.282 -0.0261799395084
1479425735.332 -0.0279252678156
1479425735.382 -0.0261799395084
1479425735.432 -0.0226892810315
1479425735.482 -0.0191986225545
1479425735.532 -0.0157079640776
1479425735.582 -0.0157079640776
1479425735.632 -0.0157079640776
1479425735.682 -0.0157079640776
1479425735.732 -0.0157079640776
1479425735.782 -0.0157079640776
1479425735.832 -0.0139626339078
1479425735.882 -0.0139626339078
1479425735.932 -0.0139626339078
1479425735.982 -0.0139626339078
1479425736.032 -0.0122173046693
1479425736.082 -0.0104719754308
1479425736.132 -0.0104719754308
1479425736.182 -0.0069813169539
1479425736.232 -0.00523598771542
1479425736.282 -0.00349065847695
1479425736.332 -0.00349065847695
1479425736.382 -0.00349065847695
1479425736.432 -0.00349065847695
1479425736.482 -0.00174532923847
1479425736.532 0.00174532923847
1479425736.582 0.00174532923847
1479425736.632 0.0069813169539
1479425736.682 0.00872664619237
1479425736.732 0.00872664619237
1479425736.782 0.0104719754308
1479425736.832 0.0104719754308
1479425736.882 0.0104719754308
1479425736.932 0.0104719754308
1479425736.982 0.0122173046693
1479425737.032 0.0122173046693
1479425737.082 0.00872664619237
1479425737.132 0.0069813169539
1479425737.182 0.00174532923847
1479425737.232 -0.00349065847695
1479425737.283 -0.0104719754308
1479425737.332 -0.0174532923847
1479425737.382 -0.0209439508617
1479425737.432 -0.0209439508617
1479425737.482 -0.0209439508617
1479425737.532 -0.0226892810315
1479425737.582 -0.0226892810315
1479425737.632 -0.0226892810315
1479425737.682 -0.0226892810315
1479425737.732 -0.0209439508617
1479425737.782 -0.0157079640776
1479425737.833 -0.0069813169539
1479425737.882 -0.0069813169539
1479425737.932 -0.00872664619237
1479425737.982 -0.00872664619237
1479425738.033 -0.00872664619237
1479425738.083 -0.0104719754308
1479425738.133 -0.0122173046693
1479425738.183 -0.0139626339078
1479425738.233 -0.0157079640776
1479425738.283 -0.0191986225545
1479425738.333 -0.0226892810315
1479425738.383 -0.0244346093386
1479425738.433 -0.0279252678156
1479425738.483 -0.0314159281552
1479425738.533 -0.0331612564623
1479425738.583 -0.00872664619237
1479425738.633 -0.0331612564623
1479425738.683 -0.0331612564623
1479425738.733 -0.0331612564623
1479425738.783 -0.0331612564623
1479425738.833 -0.0331612564623
1479425738.883 -0.0331612564623
1479425738.933 -0.0331612564623
1479425738.983 -0.0104719754308
1479425739.033 -0.0383972451091
1479425739.083 -0.0401425734162
1479425739.133 -0.0401425734162
1479425739.183 -0.0401425734162
1479425739.233 -0.0401425734162
1479425739.283 -0.045378562063
1479425739.333 -0.0663225129247
1479425739.383 -0.0802851468325
1479425739.433 -0.0959931090474
1479425739.483 -0.101229093969
1479425739.533 -0.106465086341
1479425739.583 -0.109955742955
1479425739.633 -0.122173048556
1479425739.683 -0.130899697542
1479425739.733 -0.134390354156
1479425739.783 -0.134390354156
1479425739.833 -0.134390354156
1479425739.883 -0.134390354156
1479425739.933 -0.134390354156
1479425739.983 -0.134390354156
1479425740.033 -0.0401425734162
1479425740.083 -0.118682391942
1479425740.133 -0.11344639957
1479425740.183 -0.11344639957
1479425740.233 -0.11344639957
1479425740.283 -0.118682391942
1479425740.333 -0.123918376863
1479425740.383 -0.125663712621
1479425740.433 -0.125663712621
1479425740.483 -0.125663712621
1479425740.533 -0.132645025849
1479425740.583 -0.143116995692
1479425740.633 -0.169296935201
1479425740.683 -0.193731546402
1479425740.733 -0.235619455576
1479425740.783 -0.256563395262
1479425740.833 -0.267035365105
1479425740.883 -0.260054051876
1479425740.933 -0.247836753726
1479425740.983 -0.242600768805
1479425741.033 -0.242600768805
1479425741.083 -0.23911011219
1479425741.133 -0.23911011219
1479425741.183 -0.23911011219
1479425741.233 -0.240855440497
1479425741.283 -0.240855440497
1479425741.333 -0.242600768805
1479425741.383 -0.246091425419
1479425741.433 -0.23911011219
1479425741.483 -0.251327425241
1479425741.533 -0.254818081856
1479425741.583 -0.26354470849
1479425741.633 -0.23911011219
1479425741.683 -0.284488677979
1479425741.733 -0.291469991207
1479425741.784 -0.303687304258
1479425741.833 -0.23911011219
1479425741.883 -0.315904587507
1479425741.933 -0.314159274101
1479425741.983 -0.308923274279
1479425742.033 -0.308923274279
1479425742.083 -0.308923274279
1479425742.133 -0.310668617487
1479425742.183 -0.312413930893
1479425742.233 -0.312413930893
1479425742.283 -0.312413930893
1479425742.333 -0.314159274101
1479425742.383 -0.314159274101
1479425742.433 -0.314159274101
1479425742.483 -0.312413930893
1479425742.533 -0.312413930893
1479425742.583 -0.312413930893
1479425742.633 -0.312413930893
1479425742.683 -0.312413930893
1479425742.733 -0.312413930893
1479425742.783 -0.312413930893
1479425742.833 -0.312413930893
1479425742.883 -0.312413930893
1479425742.933 -0.312413930893
1479425742.983 -0.312413930893
1479425743.033 -0.312413930893
1479425743.083 -0.312413930893
1479425743.133 -0.312413930893
1479425743.183 -0.310668617487
1479425743.233 -0.310668617487
1479425743.283 -0.312413930893
1479425743.333 -0.312413930893
1479425743.383 -0.310668617487
1479425743.433 -0.307177960873
1479425743.483 -0.296705961227
1479425743.533 -0.291469991207
1479425743.583 -0.287979334593
1479425743.633 -0.289724647999
1479425743.683 -0.294960647821
1479425743.733 -0.298451304436
1479425743.783 -0.303687304258
1479425743.833 -0.308923274279
1479425743.883 -0.310668617487
1479425743.933 -0.312413930893
1479425743.983 -0.312413930893
1479425744.033 -0.312413930893
1479425744.084 -0.315904587507
1479425744.134 -0.315904587507
1479425744.184 -0.315904587507
1479425744.234 -0.315904587507
1479425744.284 -0.314159274101
1479425744.334 -0.315904587507
1479425744.384 -0.315904587507
1479425744.434 -0.315904587507
1479425744.484 -0.315904587507
1479425744.534 -0.32114058733
1479425744.584 -0.328121900558
1479425744.634 -0.331612557173
1479425744.684 -0.331612557173
1479425744.734 -0.331612557173
1479425744.784 -0.324631243944
1479425744.834 -0.312413930893
1479425744.884 -0.315904587507
1479425744.934 -0.261799395084
1479425744.984 -0.246091425419
1479425745.034 -0.246091425419
1479425745.084 -0.254818081856
1479425745.134 -0.25830873847
1479425745.184 -0.26354470849
1479425745.234 -0.261799395084
1479425745.284 -0.254818081856
1479425745.334 -0.247836753726
1479425745.384 -0.240855440497
1479425745.434 -0.240855440497
1479425745.484 -0.240855440497
1479425745.534 -0.242600768805
1479425745.584 -0.246091425419
1479425745.634 -0.249582082033
1479425745.684 -0.253072738647
1479425745.734 -0.260054051876
1479425745.784 -0.268780708313
1479425745.834 -0.284488677979
1479425745.884 -0.312413930893
1479425745.934 -0.331612557173
1479425745.984 -0.34557518363
1479425746.034 -0.34557518363
1479425746.084 -0.333357900381
1479425746.134 -0.328121900558
1479425746.184 -0.32114058733
1479425746.234 -0.319395244122
1479425746.284 -0.319395244122
1479425746.334 -0.319395244122
1479425746.384 -0.319395244122
1479425746.434 -0.315904587507
1479425746.484 -0.312413930893
1479425746.534 -0.312413930893
1479425746.584 -0.312413930893
1479425746.634 -0.312413930893
1479425746.684 -0.310668617487
1479425746.734 -0.310668617487
1479425746.784 -0.305432617664
1479425746.834 -0.298451304436
1479425746.884 -0.287979334593
1479425746.934 -0.28274333477
1479425746.984 -0.279252678156
1479425747.034 -0.279252678156
1479425747.084 -0.27750736475
1479425747.134 -0.27750736475
1479425747.184 -0.27750736475
1479425747.234 -0.275762021542
1479425747.284 -0.274016678333
1479425747.334 -0.275762021542
1479425747.384 -0.279252678156
1479425747.434 -0.279252678156
1479425747.484 -0.28274333477
1479425747.534 -0.28274333477
1479425747.584 -0.28274333477
1479425747.634 -0.284488677979
1479425747.684 -0.284488677979
1479425747.734 -0.284488677979
1479425747.784 -0.284488677979
1479425747.834 -0.284488677979
1479425747.884 -0.284488677979
1479425747.934 -0.284488677979
1479425747.984 -0.28274333477
1479425748.034 -0.28274333477
1479425748.084 -0.280998021364
1479425748.134 -0.280998021364
1479425748.184 -0.280998021364
1479425748.234 -0.279252678156
1479425748.284 -0.279252678156
1479425748.334 -0.275762021542
1479425748.384 -0.275762021542
1479425748.434 -0.274016678333
1479425748.484 -0.272271364927
1479425748.534 -0.267035365105
1479425748.584 -0.260054051876
1479425748.634 -0.247836753726
1479425748.684 -0.240855440497
1479425748.734 -0.226892799139
1479425748.784 -0.212930172682
1479425748.834 -0.190240889788
1479425748.884 -0.172787591815
1479425748.934 -0.146607652307
1479425748.984 -0.132645025849
1479425749.034 -0.125663712621
1479425749.084 -0.11344639957
1479425749.134 -0.11344639957
1479425749.184 -0.116937056184
1479425749.234 -0.123918376863
1479425749.284 -0.125663712621
1479425749.334 -0.125663712621
1479425749.385 -0.122173048556
1479425749.435 -0.11344639957
1479425749.485 -0.101229093969
1479425749.534 -0.0802851468325
1479425749.585 -0.0628318563104
1479425749.635 -0.0401425734162
1479425749.685 -0.0279252678156
1479425749.735 -0.0209439508617
1479425749.785 -0.0209439508617
1479425749.835 -0.0209439508617
1479425749.885 -0.0209439508617
1479425749.935 -0.0209439508617
1479425749.985 -0.0191986225545
1479425750.035 -0.0191986225545
1479425750.085 -0.0191986225545
1479425750.135 -0.0191986225545
1479425750.185 -0.0191986225545
1479425750.235 -0.0139626339078
1479425750.285 -0.0104719754308
1479425750.335 -0.00523598771542
1479425750.385 -0.0191986225545
1479425750.435 0.00174532923847
1479425750.485 0.00174532923847
1479425750.535 0.00349065847695
1479425750.585 -0.0191986225545
1479425750.635 0.0104719754308
1479425750.685 0.0174532923847
1479425750.735 0.0296705979854
1479425750.785 -0.0191986225545
1479425750.835 0.0523598790169
1479425750.885 0.0610865242779
1479425750.935 0.0645771846175
1479425750.985 -0.0191986225545
1479425751.035 0.0663225129247
1479425751.085 0.0750491544604
1479425751.135 0.0767944902182
1479425751.185 0.0767944902182
1479425751.235 0.0767944902182
1479425751.285 0.0767944902182
1479425751.335 0.0767944902182
1479425751.385 0.0767944902182
1479425751.435 0.0785398185253
1479425751.485 0.0785398185253
1479425751.535 0.0785398185253
1479425751.585 0.0767944902182
1479425751.635 0.0715584978461
1479425751.685 0.0628318563104
1479425751.735 0.0436332300305
1479425751.785 0.0314159281552
1479425751.835 0.0174532923847
1479425751.885 0.0139626339078
1479425751.935 0.00872664619237
1479425751.985 0.00523598771542
1479425752.035 0.0750491544604
1479425752.085 -0.00349065847695
1479425752.135 0.00523598771542
1479425752.185 -0.0069813169539
1479425752.235 -0.0069813169539
1479425752.285 -0.0069813169539
1479425752.335 -0.0104719754308
1479425752.386 -0.0174532923847
1479425752.435 -0.0279252678156
1479425752.485 -0.0331612564623
1479425752.535 -0.0331612564623
1479425752.585 -0.0331612564623
1479425752.635 -0.0279252678156
1479425752.685 -0.0226892810315
1479425752.735 -0.0209439508617
1479425752.785 -0.0191986225545
1479425752.835 -0.0191986225545
1479425752.885 -0.0174532923847
1479425752.935 -0.0139626339078
1479425752.985 -0.0104719754308
1479425753.035 -0.0104719754308
1479425753.085 0.0069813169539
1479425753.135 0.00872664619237
1479425753.185 0.0104719754308
1479425753.235 -0.00349065847695
1479425753.285 0.0069813169539
1479425753.335 0.00174532923847
1479425753.385 0.00174532923847
1479425753.435 0.0
1479425753.485 0.00174532923847
1479425753.535 0.00174532923847
1479425753.585 -0.00174532923847
1479425753.635 0.00174532923847
1479425753.685 -0.00523598771542
1479425753.735 -0.00523598771542
1479425753.785 -0.00523598771542
1479425753.835 0.00349065847695
1479425753.886 -0.00349065847695
1479425753.935 -0.00349065847695
1479425753.985 -0.00349065847695
1479425754.035 -0.00349065847695
1479425754.085 -0.00349065847695
1479425754.135 -0.00349065847695
1479425754.185 -0.00349065847695
1479425754.235 -0.00174532923847
1479425754.285 0.00174532923847
1479425754.335 0.00174532923847
1479425754.385 0.00174532923847
1479425754.435 0.00174532923847
1479425754.485 0.00174532923847
1479425754.535 0.00174532923847
1479425754.585 0.00174532923847
1479425754.635 0.00349065847695
1479425754.685 0.00523598771542
1479425754.735 0.0069813169539
1479425754.785 0.0139626339078
1479425754.835 0.0157079640776
1479425754.885 0.0191986225545
1479425754.935 0.0191986225545
1479425754.985 0.0157079640776
1479425755.035 0.0157079640776
1479425755.086 0.0157079640776
1479425755.136 0.0157079640776
1479425755.185 0.0157079640776
1479425755.236 0.0139626339078
1479425755.286 0.0139626339078
1479425755.335 0.0139626339078
1479425755.386 0.00872664619237
1479425755.436 0.00872664619237
1479425755.486 0.00872664619237
1479425755.536 0.00872664619237
1479425755.586 0.0069813169539
1479425755.636 0.0069813169539
1479425755.686 0.00523598771542
1479425755.736 0.00523598771542
1479425755.786 0.00174532923847
1479425755.836 0.00174532923847
1479425755.886 -0.00174532923847
1479425755.936 -0.00349065847695
1479425755.986 -0.00523598771542
1479425756.036 -0.00523598771542
1479425756.086 -0.00523598771542
1479425756.136 -0.00523598771542
1479425756.186 -0.00523598771542
1479425756.236 -0.00523598771542
1479425756.286 -0.00523598771542
1479425756.336 -0.00523598771542
1479425756.386 -0.00523598771542
1479425756.436 -0.00523598771542
1479425756.486 -0.00523598771542
1479425756.536 -0.00523598771542
1479425756.586 -0.0069813169539
1479425756.636 -0.00872664619237
1479425756.686 -0.00872664619237
1479425756.736 -0.00872664619237
1479425756.786 -0.00872664619237
1479425756.836 -0.00872664619237
1479425756.886 -0.00523598771542
1479425756.936 -0.00523598771542
1479425756.986 -0.00349065847695
1479425757.036 -0.00349065847695
1479425757.086 -0.00174532923847
1479425757.136 0.0
1479425757.186 0.0
1479425757.236 0.0
1479425757.286 0.0
1479425757.336 0.0
1479425757.386 -0.00349065847695
1479425757.436 -0.00174532923847
1479425757.486 -0.00872664619237
1479425757.536 -0.0157079640776
1479425757.586 -0.0191986225545
1479425757.636 -0.0226892810315
1479425757.686 -0.0226892810315
1479425757.736 -0.0226892810315
1479425757.786 -0.0226892810315
1479425757.836 -0.0226892810315
1479425757.886 -0.0226892810315
1479425757.936 -0.0226892810315
1479425757.986 -0.00349065847695
1479425758.036 -0.0226892810315
1479425758.086 -0.0314159281552
1479425758.136 -0.0331612564623
1479425758.186 -0.0418879017234
1479425758.236 -0.0523598790169
1479425758.286 -0.0593411959708
1479425758.336 -0.0593411959708
1479425758.386 -0.0593411959708
1479425758.436 -0.0558505356312
1479425758.486 -0.0523598790169
1479425758.536 -0.0506145469844
1479425758.586 -0.0488692186773
1479425758.636 -0.0488692186773
1479425758.686 -0.0488692186773
1479425758.736 -0.0488692186773
1479425758.786 -0.0471238903701
1479425758.836 -0.0471238903701
1479425758.886 -0.0436332300305
1479425758.936 -0.0418879017234
1479425758.986 -0.0418879017234
1479425759.036 -0.0418879017234
1479425759.086 -0.0471238903701
1479425759.136 -0.0488692186773
1479425759.186 -0.0558505356312
1479425759.236 -0.0593411959708
1479425759.286 -0.0628318563104
1479425759.336 -0.0628318563104
1479425759.386 -0.0628318563104
1479425759.436 -0.0628318563104
1479425759.486 -0.0628318563104
1479425759.536 -0.0628318563104
1479425759.586 -0.0628318563104
1479425759.636 -0.0610865242779
1479425759.686 -0.0593411959708
1479425759.736 -0.0593411959708
1479425759.786 -0.054105207324
1479425759.836 -0.0488692186773
1479425759.886 -0.0209439508617
1479425759.936 -0.00174532923847
1479425759.986 0.0174532923847
1479425760.036 0.0174532923847
1479425760.086 0.00523598771542
1479425760.136 0.00174532923847
1479425760.186 -0.0104719754308
1479425760.236 -0.0174532923847
1479425760.286 -0.0191986225545
1479425760.337 -0.0191986225545
1479425760.386 -0.0191986225545
1479425760.437 -0.0191986225545
1479425760.486 -0.0191986225545
1479425760.536 -0.0191986225545
1479425760.587 -0.0191986225545
1479425760.636 -0.0191986225545
1479425760.686 -0.0209439508617
1479425760.737 -0.0244346093386
1479425760.786 -0.0296705979854
1479425760.836 -0.0401425734162
1479425760.886 -0.045378562063
1479425760.936 -0.045378562063
1479425760.986 -0.045378562063
1479425761.036 -0.045378562063
1479425761.086 -0.045378562063
1479425761.137 -0.045378562063
1479425761.186 -0.045378562063
1479425761.237 -0.045378562063
1479425761.287 -0.0436332300305
1479425761.336 -0.0436332300305
1479425761.386 -0.0418879017234
1479425761.436 -0.0401425734162
1479425761.487 -0.0366519130766
1479425761.537 -0.0314159281552
1479425761.587 -0.0279252678156
1479425761.637 -0.0279252678156
1479425761.686 -0.0279252678156
1479425761.737 -0.0279252678156
1479425761.787 -0.0279252678156
1479425761.837 -0.0279252678156
1479425761.887 -0.0279252678156
1479425761.937 -0.0279252678156
1479425761.987 -0.0279252678156
1479425762.037 -0.0261799395084
1479425762.087 -0.0279252678156
1479425762.137 -0.0279252678156
1479425762.187 -0.0261799395084
1479425762.237 -0.0261799395084
1479425762.287 -0.0261799395084
1479425762.337 -0.0226892810315
1479425762.387 -0.0279252678156
1479425762.437 -0.0209439508617
1479425762.487 -0.0174532923847
1479425762.537 -0.0139626339078
1479425762.587 -0.0279252678156
1479425762.637 -0.0069813169539
1479425762.687 -0.0069813169539
1479425762.737 -0.00872664619237
1479425762.787 -0.0279252678156
1479425762.837 -0.0104719754308
1479425762.887 -0.0104719754308
1479425762.937 -0.0104719754308
1479425762.987 -0.0279252678156
1479425763.037 -0.0122173046693
1479425763.087 -0.0191986225545
1479425763.137 -0.0209439508617
1479425763.187 -0.0209439508617
1479425763.237 -0.0209439508617
1479425763.287 -0.0209439508617
1479425763.337 -0.0209439508617
1479425763.387 -0.0226892810315
1479425763.437 -0.0226892810315
1479425763.487 -0.0226892810315
1479425763.537 -0.0226892810315
1479425763.587 -0.0209439508617
1479425763.637 -0.0209439508617
1479425763.687 -0.0209439508617
1479425763.737 -0.0174532923847
1479425763.787 -0.0157079640776
1479425763.837 -0.0139626339078
1479425763.887 -0.0139626339078
1479425763.937 -0.0122173046693
1479425763.987 -0.0122173046693
1479425764.037 -0.0122173046693
1479425764.087 -0.0122173046693
1479425764.137 -0.0122173046693
1479425764.187 -0.0139626339078
1479425764.237 -0.0191986225545
1479425764.287 -0.0244346093386
1479425764.337 -0.0279252678156
1479425764.387 -0.0279252678156
1479425764.437 -0.0279252678156
1479425764.487 -0.0279252678156
1479425764.537 -0.0279252678156
1479425764.587 -0.0279252678156
1479425764.637 -0.0279252678156
1479425764.687 -0.0279252678156
1479425764.737 -0.0314159281552
1479425764.787 -0.0331612564623
1479425764.837 -0.0349065847695
1479425764.887 -0.0349065847695
1479425764.937 -0.0349065847695
1479425764.987 -0.0349065847695
1479425765.037 -0.0349065847695
1479425765.087 -0.0366519130766
1479425765.137 -0.0366519130766
1479425765.187 -0.0366519130766
1479425765.237 -0.0366519130766
1479425765.287 -0.0418879017234
1479425765.337 -0.0366519130766
1479425765.387 -0.045378562063
1479425765.437 -0.0366519130766
1479425765.488 -0.045378562063
1479425765.537 -0.0436332300305
1479425765.587 -0.0401425734162
1479425765.638 -0.0366519130766
1479425765.687 -0.0279252678156
1479425765.738 -0.0279252678156
1479425765.788 -0.0296705979854
1479425765.838 -0.0366519130766
1479425765.888 -0.0366519130766
1479425765.938 -0.0418879017234
1479425765.988 -0.045378562063
1479425766.038 -0.045378562063
1479425766.088 -0.0506145469844
1479425766.138 -0.0506145469844
1479425766.188 -0.0506145469844
1479425766.238 -0.0506145469844
1479425766.288 -0.0506145469844
1479425766.338 -0.0506145469844
1479425766.388 -0.0506145469844
1479425766.438 -0.0506145469844
1479425766.488 -0.0506145469844
1479425766.538 -0.0523598790169
1479425766.588 -0.0523598790169
1479425766.638 -0.0523598790169
1479425766.688 -0.0523598790169
1479425766.738 -0.0523598790169
1479425766.788 -0.0523598790169
1479425766.838 -0.0523598790169
1479425766.888 -0.0506145469844
1479425766.938 -0.0506145469844
1479425766.988 -0.0506145469844
1479425767.038 -0.0506145469844
1479425767.088 -0.0401425734162
1479425767.138 -0.0401425734162
1479425767.188 -0.0401425734162
1479425767.238 -0.0401425734162
1479425767.288 -0.0383972451091
1479425767.338 -0.0279252678156
1479425767.388 -0.0139626339078
1479425767.438 0.0069813169539
1479425767.488 0.0191986225545
1479425767.538 0.0244346093386
1479425767.588 0.0209439508617
1479425767.638 0.0139626339078
1479425767.688 0.00174532923847
1479425767.738 -0.0069813169539
1479425767.788 -0.0122173046693
1479425767.838 -0.0157079640776
1479425767.888 -0.0157079640776
1479425767.938 -0.0139626339078
1479425767.988 -0.00523598771542
1479425768.038 -0.00523598771542
1479425768.088 -0.00523598771542
1479425768.138 -0.00523598771542
1479425768.188 -0.00523598771542
1479425768.238 -0.00523598771542
1479425768.288 -0.00523598771542
1479425768.338 -0.00523598771542
1479425768.388 -0.00523598771542
1479425768.438 -0.00523598771542
1479425768.488 -0.00349065847695
1479425768.538 -0.00349065847695
1479425768.588 -0.00349065847695
1479425768.638 -0.00349065847695
1479425768.688 -0.00349065847695
1479425768.738 -0.00349065847695
1479425768.788 -0.00349065847695
1479425768.838 -0.00523598771542
1479425768.888 0.0
1479425768.938 0.0
1479425768.988 0.0
1479425769.038 0.0
1479425769.088 0.0
1479425769.138 0.00174532923847
1479425769.188 0.00174532923847
1479425769.238 0.00174532923847
1479425769.288 0.00174532923847
1479425769.338 0.00174532923847
1479425769.388 0.00174532923847
1479425769.438 0.00174532923847
1479425769.488 0.00174532923847
1479425769.538 0.00174532923847
1479425769.588 0.00174532923847
1479425769.638 0.00174532923847
1479425769.688 0.00174532923847
1479425769.738 0.00174532923847
1479425769.788 0.00174532923847
1479425769.838 0.00174532923847
1479425769.888 0.00174532923847
1479425769.938 0.00174532923847
1479425769.988 0.00174532923847
1479425770.038 0.00174532923847
1479425770.088 0.00523598771542
1479425770.138 0.00523598771542
1479425770.188 0.00523598771542
1479425770.238 0.00523598771542
1479425770.288 0.00349065847695
1479425770.338 0.00174532923847
1479425770.388 0.00174532923847
1479425770.438 0.00174532923847
1479425770.488 0.00174532923847
1479425770.538 0.00174532923847
1479425770.588 0.00174532923847
1479425770.638 0.00174532923847
1479425770.688 0.00523598771542
1479425770.739 0.0191986225545
1479425770.788 0.0593411959708
1479425770.838 0.0733038261533
1479425770.888 0.0680678412318
1479425770.938 0.0558505356312
1479425770.988 0.0331612564623
1479425771.038 0.0331612564623
1479425771.088 -0.0139626339078
1479425771.139 0.0261799395084
1479425771.189 -0.0366519130766
1479425771.239 -0.045378562063
1479425771.289 -0.0471238903701
1479425771.339 0.0157079640776
1479425771.389 -0.0401425734162
1479425771.439 -0.0366519130766
1479425771.489 -0.0401425734162
1479425771.539 0.0069813169539
1479425771.589 -0.0558505356312
1479425771.639 -0.0628318563104
1479425771.689 -0.0628318563104
1479425771.739 0.00174532923847
1479425771.789 -0.0628318563104
1479425771.839 -0.0593411959708
1479425771.889 -0.0593411959708
1479425771.939 -0.0069813169539
1479425771.989 -0.0628318563104
1479425772.039 -0.0628318563104
1479425772.089 -0.0680678412318
1479425772.139 -0.0733038261533
1479425772.189 -0.0750491544604
1479425772.239 -0.0750491544604
1479425772.289 -0.0767944902182
1479425772.339 -0.0767944902182
1479425772.389 -0.0767944902182
1479425772.439 -0.0785398185253
1479425772.489 -0.0767944902182
1479425772.539 -0.0767944902182
1479425772.589 -0.0767944902182
1479425772.639 -0.0767944902182
1479425772.689 -0.0837758034468
1479425772.739 -0.0959931090474
1479425772.789 -0.118682391942
1479425772.839 -0.130899697542
1479425772.889 -0.158824965358
1479425772.939 -0.169296935201
1479425772.989 -0.174532920122
1479425773.039 -0.174532920122
1479425773.089 -0.186750233173
1479425773.139 -0.186750233173
1479425773.189 -0.193731546402
1479425773.239 -0.193731546402
1479425773.289 -0.198967531323
1479425773.339 -0.202458187938
1479425773.389 -0.209439516068
1479425773.439 -0.218166157603
1479425773.489 -0.230383455753
1479425773.539 -0.23212878406
1479425773.589 -0.226892799139
1479425773.639 -0.214675500989
1479425773.689 -0.190240889788
1479425773.739 -0.179768919945
1479425773.789 -0.176278248429
1479425773.839 -0.176278248429
1479425773.889 -0.178023576736
1479425773.939 -0.183259576559
1479425773.989 -0.185004904866
1479425774.039 -0.185004904866
1479425774.089 -0.134390354156
1479425774.139 -0.123918376863
1479425774.189 -0.183259576559
1479425774.239 -0.104719758034
1479425774.289 -0.11344639957
1479425774.339 -0.132645025849
1479425774.389 -0.178023576736
1479425774.439 -0.155334308743
1479425774.489 -0.157079637051
1479425774.539 -0.155334308743
1479425774.589 -0.171042263508
1479425774.639 -0.148352980614
1479425774.689 -0.144862323999
1479425774.739 -0.141371667385
1479425774.789 -0.160570293665
1479425774.839 -0.141371667385
1479425774.889 -0.139626339078
1479425774.939 -0.139626339078
1479425774.989 -0.148352980614
1479425775.039 -0.148352980614
1479425775.089 -0.137881010771
1479425775.139 -0.136135682464
1479425775.189 -0.132645025849
1479425775.239 -0.125663712621
1479425775.289 -0.116937056184
1479425775.339 -0.108210414648
1479425775.389 -0.102974422276
1479425775.439 -0.104719758034
1479425775.489 -0.104719758034
1479425775.539 -0.102974422276
1479425775.589 -0.106465086341
1479425775.639 -0.108210414648
1479425775.689 -0.108210414648
1479425775.739 -0.108210414648
1479425775.789 -0.108210414648
1479425775.839 -0.106465086341
1479425775.889 -0.104719758034
1479425775.939 -0.104719758034
1479425775.989 -0.104719758034
1479425776.039 -0.104719758034
1479425776.089 -0.106465086341
1479425776.139 -0.109955742955
1479425776.189 -0.104719758034
1479425776.239 -0.11344639957
1479425776.289 -0.11344639957
1479425776.339 -0.115191727877
1479425776.389 -0.115191727877
1479425776.439 -0.118682391942
1479425776.489 -0.115191727877
1479425776.539 -0.11344639957
1479425776.590 -0.109955742955
1479425776.640 -0.106465086341
1479425776.689 -0.104719758034
1479425776.740 -0.104719758034
1479425776.790 -0.104719758034
1479425776.840 -0.104719758034
1479425776.890 -0.102974422276
1479425776.940 -0.0994837656617
1479425776.990 -0.0977384373546
1479425777.040 -0.0977384373546
1479425777.090 -0.0959931090474
1479425777.139 -0.0959931090474
1479425777.190 -0.0959931090474
1479425777.240 -0.0959931090474
1479425777.290 -0.0942477807403
1479425777.340 -0.0890117883682
1479425777.390 -0.0837758034468
1479425777.440 -0.0959931090474
1479425777.490 -0.0733038261533
1479425777.540 -0.0680678412318
1479425777.590 -0.0645771846175
1479425777.640 -0.0558505356312
1479425777.690 -0.0523598790169
1479425777.740 -0.0471238903701
1479425777.790 -0.0436332300305
1479425777.840 -0.0959931090474
1479425777.890 -0.0349065847695
1479425777.940 -0.0314159281552
1479425777.990 -0.0296705979854
1479425778.040 -0.0296705979854
1479425778.090 -0.0244346093386
1479425778.140 -0.0244346093386
1479425778.190 -0.0244346093386
1479425778.240 -0.0226892810315
1479425778.290 -0.0226892810315
1479425778.340 -0.0226892810315
1479425778.390 -0.0226892810315
1479425778.440 -0.0209439508617
1479425778.490 -0.0191986225545
1479425778.540 -0.0122173046693
1479425778.590 -0.0069813169539
1479425778.640 0.00174532923847
1479425778.690 0.00523598771542
1479425778.740 0.0104719754308
1479425778.790 0.0139626339078
1479425778.840 0.0191986225545
1479425778.890 0.0209439508617
1479425778.940 0.0174532923847
1479425778.990 0.0122173046693
1479425779.040 0.0122173046693
1479425779.090 -0.0122173046693
1479425779.140 -0.0226892810315
1479425779.190 -0.0331612564623
1479425779.240 -0.0418879017234
1479425779.290 -0.0436332300305
1479425779.340 -0.0418879017234
1479425779.390 -0.0418879017234
1479425779.440 -0.0418879017234
1479425779.490 -0.0418879017234
1479425779.540 -0.0418879017234
1479425779.590 -0.0418879017234
1479425779.640 -0.0418879017234
1479425779.690 -0.0401425734162
1479425779.740 -0.0401425734162
1479425779.790 -0.0401425734162
1479425779.840 -0.0383972451091
1479425779.890 -0.0366519130766
1479425779.940 -0.0366519130766
1479425779.990 -0.0349065847695
1479425780.040 -0.0349065847695
1479425780.090 -0.0261799395084
1479425780.140 -0.0174532923847
1479425780.190 -0.0104719754308
1479425780.240 0.00174532923847
1479425780.290 0.00349065847695
1479425780.340 0.0069813169539
1479425780.390 0.0069813169539
1479425780.440 0.00872664619237
1479425780.490 0.00872664619237
1479425780.540 0.0122173046693
1479425780.590 0.0122173046693
1479425780.640 0.0157079640776
1479425780.690 0.0191986225545
1479425780.740 0.0331612564623
1479425780.790 0.0401425734162
1479425780.840 0.0436332300305
1479425780.890 0.0506145469844
1479425780.940 0.0488692186773
1479425780.990 0.0383972451091
1479425781.040 0.0383972451091
1479425781.090 0.0383972451091
1479425781.140 0.0383972451091
1479425781.190 0.0366519130766
1479425781.240 0.0349065847695
1479425781.290 0.0139626339078
1479425781.340 -0.00523598771542
1479425781.390 -0.0296705979854
1479425781.440 -0.0331612564623
1479425781.490 -0.0261799395084
1479425781.540 -0.0209439508617
1479425781.590 -0.0191986225545
1479425781.640 -0.0191986225545
1479425781.690 -0.0174532923847
1479425781.740 -0.0174532923847
1479425781.790 -0.0174532923847
1479425781.840 -0.0174532923847
1479425781.890 -0.0174532923847
1479425781.940 -0.0157079640776
1479425781.990 -0.0157079640776
1479425782.040 -0.0157079640776
1479425782.091 -0.0139626339078
1479425782.140 -0.0139626339078
1479425782.190 -0.00872664619237
1479425782.240 0.00174532923847
1479425782.290 0.00872664619237
1479425782.341 0.00872664619237
1479425782.390 0.0069813169539
1479425782.440 0.0069813169539
1479425782.490 0.0069813169539
1479425782.541 0.0069813169539
1479425782.591 0.0069813169539
1479425782.641 0.0069813169539
1479425782.690 0.00349065847695
1479425782.741 0.00174532923847
1479425782.791 0.0
1479425782.841 -0.00349065847695
1479425782.891 -0.0157079640776
1479425782.941 -0.0226892810315
1479425782.991 -0.0331612564623
1479425783.041 -0.0331612564623
1479425783.091 -0.0593411959708
1479425783.141 -0.0401425734162
1479425783.191 -0.069813169539
1479425783.241 -0.0750491544604
1479425783.291 -0.0855211317539
1479425783.341 -0.045378562063
1479425783.391 -0.108210414648
1479425783.441 -0.11344639957
1479425783.491 -0.118682391942
1479425783.541 -0.0506145469844
1479425783.591 -0.118682391942
1479425783.641 -0.118682391942
1479425783.691 -0.123918376863
1479425783.741 -0.0558505356312
1479425783.791 -0.132645025849
1479425783.841 -0.136135682464
1479425783.891 -0.144862323999
1479425783.941 -0.0575958639383
1479425783.991 -0.151843652129
1479425784.041 -0.151843652129
1479425784.091 -0.155334308743
1479425784.141 -0.157079637051
1479425784.191 -0.162315621972
1479425784.241 -0.164060950279
1479425784.291 -0.167551606894
1479425784.341 -0.167551606894
1479425784.391 -0.167551606894
1479425784.441 -0.167551606894
1479425784.491 -0.167551606894
1479425784.541 -0.171042263508
1479425784.591 -0.172787591815
1479425784.641 -0.178023576736
1479425784.691 -0.190240889788
1479425784.741 -0.198967531323
1479425784.791 -0.20769418776
1479425784.841 -0.212930172682
1479425784.891 -0.21991148591
1479425784.941 -0.226892799139
1479425784.991 -0.240855440497
1479425785.041 -0.240855440497
1479425785.091 -0.254818081856
1479425785.141 -0.254818081856
1479425785.191 -0.254818081856
1479425785.241 -0.254818081856
1479425785.291 -0.256563395262
1479425785.341 -0.254818081856
1479425785.391 -0.254818081856
1479425785.441 -0.254818081856
1479425785.491 -0.254818081856
1479425785.541 -0.253072738647
1479425785.591 -0.253072738647
1479425785.641 -0.254818081856
1479425785.691 -0.253072738647
1479425785.741 -0.251327425241
1479425785.791 -0.247836753726
1479425785.841 -0.247836753726
1479425785.891 -0.244346097112
1479425785.941 -0.240855440497
1479425785.991 -0.230383455753
1479425786.041 -0.230383455753
1479425786.091 -0.190240889788
1479425786.141 -0.181514248252
1479425786.191 -0.226892799139
1479425786.241 -0.148352980614
1479425786.291 -0.144862323999
1479425786.341 -0.144862323999
1479425786.391 -0.221656814218
1479425786.441 -0.125663712621
1479425786.491 -0.101229093969
1479425786.541 -0.0890117883682
1479425786.592 -0.214675500989
1479425786.641 -0.0820304751396
1479425786.691 -0.0820304751396
1479425786.741 -0.0802851468325
1479425786.791 -0.205948844552
1479425786.841 -0.069813169539
1479425786.891 -0.0645771846175
1479425786.941 -0.0645771846175
1479425786.991 -0.198967531323
1479425787.041 -0.198967531323
1479425787.091 -0.0628318563104
1479425787.141 -0.054105207324
1479425787.191 -0.0418879017234
1479425787.241 -0.0366519130766
1479425787.291 -0.0296705979854
1479425787.341 -0.0244346093386
1479425787.391 -0.0157079640776
1479425787.441 -0.00872664619237
1479425787.491 -0.00349065847695
1479425787.541 -0.00174532923847
1479425787.591 -0.00349065847695
1479425787.641 -0.0226892810315
1479425787.691 -0.0226892810315
1479425787.741 0.0139626339078
1479425787.791 0.0383972451091
1479425787.841 0.0593411959708
1479425787.891 0.0645771846175
1479425787.941 0.0663225129247
1479425787.991 0.0663225129247
1479425788.041 0.0663225129247
1479425788.091 0.0645771846175
1479425788.141 0.0628318563104
1479425788.191 0.0575958639383
1479425788.242 0.0506145469844
1479425788.291 0.045378562063
1479425788.342 0.0331612564623
1479425788.392 0.0279252678156
1479425788.442 0.0261799395084
1479425788.492 0.0244346093386
1479425788.542 0.0157079640776
1479425788.592 0.0069813169539
1479425788.642 0.00174532923847
1479425788.692 0.00523598771542
1479425788.742 0.0122173046693
1479425788.792 0.0226892810315
1479425788.842 0.0401425734162
1479425788.892 0.0418879017234
1479425788.942 0.0331612564623
1479425788.992 0.0244346093386
1479425789.042 0.0244346093386
1479425789.092 0.0331612564623
1479425789.142 0.0383972451091
1479425789.192 0.0401425734162
1479425789.242 0.045378562063
1479425789.292 0.0506145469844
1479425789.342 0.0506145469844
1479425789.392 0.0226892810315
1479425789.442 0.0523598790169
1479425789.492 0.054105207324
1479425789.542 0.054105207324
1479425789.592 0.054105207324
1479425789.642 0.054105207324
1479425789.692 0.0558505356312
1479425789.742 0.0558505356312
1479425789.792 0.0558505356312
1479425789.842 0.0296705979854
1479425789.892 0.0610865242779
1479425789.942 0.0680678412318
1479425789.992 0.0750491544604
1479425790.042 0.0750491544604
1479425790.092 0.111701071262
1479425790.142 0.125663712621
1479425790.192 0.136135682464
1479425790.242 0.153588980436
1479425790.292 0.165806278586
1479425790.342 0.190240889788
1479425790.392 0.211184844375
1479425790.442 0.23911011219
1479425790.492 0.249582082033
1479425790.542 0.254818081856
1479425790.592 0.251327425241
1479425790.642 0.247836753726
1479425790.692 0.246091425419
1479425790.742 0.233874112368
1479425790.792 0.230383455753
1479425790.842 0.233874112368
1479425790.892 0.237364783883
1479425790.942 0.242600768805
1479425790.992 0.242600768805
1479425791.042 0.242600768805
1479425791.092 0.253072738647
1479425791.142 0.25830873847
1479425791.192 0.267035365105
1479425791.242 0.270526021719
1479425791.292 0.270526021719
1479425791.342 0.270526021719
1479425791.392 0.270526021719
1479425791.442 0.268780708313
1479425791.492 0.267035365105
1479425791.542 0.267035365105
1479425791.592 0.267035365105
1479425791.642 0.267035365105
1479425791.692 0.268780708313
1479425791.742 0.28274333477
1479425791.792 0.298451304436
1479425791.842 0.319395244122
1479425791.892 0.324631243944
1479425791.942 0.324631243944
1479425791.992 0.324631243944
1479425792.042 0.324631243944
1479425792.092 0.352556496859
1479425792.142 0.370009809732
1479425792.192 0.392699092627
1479425792.242 0.417133688927
1479425792.292 0.329867213964
1479425792.342 0.432841658592
1479425792.392 0.439822971821
1479425792.442 0.445058971643
1479425792.492 0.333357900381
1479425792.542 0.446804285049
1479425792.592 0.443313628435
1479425792.642 0.434586971998
1479425792.692 0.429351001978
1479425792.742 0.422369688749
1479425792.792 0.422369688749
1479425792.842 0.417133688927
1479425792.892 0.343829870224
1479425792.942 0.417133688927
1479425792.992 0.415388375521
1479425793.042 0.415388375521
1479425793.092 0.411897689104
1479425793.142 0.370009809732
1479425793.192 0.361283153296
1479425793.242 0.349065840244
1479425793.292 0.349065840244
1479425793.342 0.357792496681
1479425793.392 0.35953783989
1479425793.442 0.363028496504
1479425793.492 0.371755123138
1479425793.542 0.38397243619
1479425793.593 0.389208436012
1479425793.642 0.40840703249
1479425793.692 0.425860345364
1479425793.742 0.453785598278
1479425793.792 0.464257568121
1479425793.842 0.466002911329
1479425793.892 0.466002911329
1479425793.942 0.464257568121
1479425793.993 0.472984224558
1479425794.042 0.472984224558
1479425794.092 0.523598790169
1479425794.142 0.534070730209
1479425794.192 0.539306759834
1479425794.242 0.532325446606
1479425794.293 0.511381447315
1479425794.343 0.490437507629
1479425794.393 0.47822022438
1479425794.442 0.469493567944
1479425794.493 0.462512254715
1479425794.543 0.462512254715
1479425794.593 0.464257568121
1479425794.643 0.466002911329
1479425794.693 0.467748224735
1479425794.743 0.466002911329
1479425794.793 0.453785598278
1479425794.843 0.439822971821
1479425794.893 0.415388375521
1479425794.943 0.397935062647
1479425794.993 0.373500466347
1479425795.043 0.373500466347
1479425795.093 0.373500466347
1479425795.143 0.366519153118
1479425795.193 0.399680405855
1479425795.243 0.415388375521
1479425795.293 0.434586971998
1479425795.343 0.363028496504
1479425795.393 0.434586971998
1479425795.443 0.431096315384
1479425795.493 0.431096315384
1479425795.543 0.363028496504
1479425795.593 0.436332315207
1479425795.643 0.438077628613
1479425795.693 0.438077628613
1479425795.743 0.36477380991
1479425795.793 0.457276254892
1479425795.843 0.471238911152
1479425795.893 0.485201537609
1479425795.943 0.368264466524
1479425795.993 0.476474881172
1479425796.043 0.476474881172
1479425796.093 0.464257568121
1479425796.143 0.466002911329
1479425796.193 0.47822022438
1479425796.243 0.488692194223
1479425796.293 0.492182850838
1479425796.343 0.488692194223
1479425796.393 0.471238911152
1479425796.443 0.459021598101
1479425796.493 0.452040284872
1479425796.543 0.452040284872
1479425796.593 0.448549628258
1479425796.643 0.441568315029
1479425796.693 0.432841658592
1479425796.743 0.429351001978
1479425796.793 0.42760565877
1479425796.843 0.425860345364
1479425796.893 0.420624345541
1479425796.943 0.418879032135
1479425796.993 0.417133688927
1479425797.043 0.417133688927
1479425797.093 0.411897689104
1479425797.143 0.411897689104
1479425797.193 0.406661719084
1479425797.243 0.403171062469
1479425797.293 0.397935062647
1479425797.343 0.397935062647
1479425797.393 0.422369688749
1479425797.443 0.452040284872
1479425797.493 0.47822022438
1479425797.543 0.47822022438
1479425797.593 0.464257568121
1479425797.643 0.453785598278
1479425797.693 0.452040284872
1479425797.743 0.457276254892
1479425797.793 0.466002911329
1479425797.843 0.466002911329
1479425797.893 0.457276254892
1479425797.943 0.446804285049
1479425797.993 0.438077628613
1479425798.043 0.438077628613
1479425798.093 0.441568315029
1479425798.143 0.441568315029
1479425798.193 0.438077628613
1479425798.243 0.438077628613
1479425798.293 0.425860345364
1479425798.343 0.418879032135
1479425798.393 0.438077628613
1479425798.443 0.431096315384
1479425798.493 0.446804285049
1479425798.543 0.446804285049
1479425798.593 0.438077628613
1479425798.643 0.438077628613
1479425798.693 0.438077628613
1479425798.743 0.436332315207
1479425798.793 0.438077628613
1479425798.843 0.420624345541
1479425798.893 0.417133688927
1479425798.943 0.410152375698
1479425798.993 0.439822971821
1479425799.043 0.439822971821
1479425799.093 0.418879032135
1479425799.143 0.429351001978
1479425799.193 0.438077628613
1479425799.244 0.438077628613
1479425799.294 0.429351001978
1479425799.343 0.425860345364
1479425799.393 0.417133688927
1479425799.443 0.415388375521
1479425799.493 0.415388375521
1479425799.543 0.417133688927
1479425799.594 0.418879032135
1479425799.644 0.422369688749
1479425799.693 0.403171062469
1479425799.744 0.446804285049
1479425799.794 0.450294941664
1479425799.843 0.450294941664
1479425799.894 0.448549628258
1479425799.944 0.448549628258
1479425799.994 0.450294941664
1479425800.044 0.492182850838
1479425800.094 0.492182850838
1479425800.144 0.511381447315
1479425800.194 0.525344133377
1479425800.244 0.523598790169
1479425800.294 0.511381447315
1479425800.344 0.507890820503
1479425800.394 0.507890820503
1479425800.444 0.511381447315
1479425800.494 0.518362760544
1479425800.544 0.52185344696
1479425800.594 0.523598790169
1479425800.644 0.52185344696
1479425800.694 0.520108103752
1479425800.744 0.520108103752
1479425800.794 0.52185344696
1479425800.844 0.523598790169
1479425800.894 0.523598790169
1479425800.944 0.523598790169
1479425800.994 0.523598790169
1479425801.044 0.523598790169
1479425801.094 0.525344133377
1479425801.144 0.525344133377
1479425801.194 0.525344133377
1479425801.244 0.527089416981
1479425801.294 0.527089416981
1479425801.344 0.528834760189
1479425801.394 0.528834760189
1479425801.444 0.528834760189
1479425801.494 0.527089416981
1479425801.544 0.51661747694
1479425801.594 0.504400134087
1479425801.644 0.486946851015
1479425801.694 0.476474881172
1479425801.744 0.469493567944
1479425801.794 0.469493567944
1479425801.844 0.469493567944
1479425801.894 0.471238911152
1479425801.944 0.467748224735
1479425801.994 0.460766911507
1479425802.044 0.460766911507
1479425802.094 0.453785598278
1479425802.144 0.455530941486
1479425802.194 0.455530941486
1479425802.244 0.453785598278
1479425802.294 0.453785598278
1479425802.344 0.445058971643
1479425802.394 0.438077628613
1479425802.444 0.424115002155
1479425802.494 0.418879032135
1479425802.544 0.417133688927
1479425802.594 0.459021598101
1479425802.644 0.392699092627
1479425802.694 0.371755123138
1479425802.744 0.342084527016
1479425802.794 0.322885900736
1479425802.844 0.312413930893
1479425802.894 0.324631243944
1479425802.944 0.349065840244
1479425802.994 0.368264466524
1479425803.044 0.368264466524
1479425803.094 0.371755123138
1479425803.144 0.366519153118
1479425803.194 0.366519153118
1479425803.244 0.373500466347
1479425803.294 0.376991122961
1479425803.344 0.382227092981
1479425803.394 0.38397243619
1479425803.444 0.390953749418
1479425803.494 0.403171062469
1479425803.544 0.429351001978
1479425803.594 0.443313628435
1479425803.644 0.446804285049
1479425803.694 0.450294941664
1479425803.744 0.373500466347
1479425803.794 0.448549628258
1479425803.844 0.450294941664
1479425803.894 0.455530941486
1479425803.944 0.471238911152
1479425803.994 0.47822022438
1479425804.044 0.47822022438
1479425804.094 0.499164164066
1479425804.144 0.500909507275
1479425804.194 0.49741885066
1479425804.244 0.490437507629
1479425804.294 0.488692194223
1479425804.344 0.488692194223
1479425804.394 0.488692194223
1479425804.444 0.486946851015
1479425804.494 0.490437507629
1479425804.544 0.474729567766
1479425804.595 0.467748224735
1479425804.644 0.450294941664
1479425804.695 0.495673507452
1479425804.744 0.418879032135
1479425804.794 0.413643032312
1479425804.844 0.417133688927
1479425804.894 0.499164164066
1479425804.944 0.448549628258
1479425804.994 0.459021598101
1479425805.045 0.459021598101
1479425805.095 0.459021598101
1479425805.145 0.42760565877
1479425805.194 0.420624345541
1479425805.244 0.420624345541
1479425805.294 0.420624345541
1479425805.345 0.418879032135
1479425805.394 0.413643032312
1479425805.444 0.410152375698
1479425805.495 0.406661719084
1479425805.545 0.406661719084
1479425805.594 0.406661719084
1479425805.645 0.40840703249
1479425805.695 0.40840703249
1479425805.745 0.410152375698
1479425805.795 0.411897689104
1479425805.845 0.422369688749
1479425805.895 0.434586971998
1479425805.945 0.450294941664
1479425805.995 0.453785598278
1479425806.045 0.453785598278
1479425806.095 0.452040284872
1479425806.145 0.452040284872
1479425806.195 0.457276254892
1479425806.245 0.466002911329
1479425806.295 0.467748224735
1479425806.345 0.469493567944
1479425806.395 0.469493567944
1479425806.445 0.469493567944
1479425806.495 0.469493567944
1479425806.545 0.471238911152
1479425806.595 0.476474881172
1479425806.645 0.490437507629
1479425806.695 0.493928164244
1479425806.745 0.490437507629
1479425806.795 0.479965537786
1479425806.845 0.469493567944
1479425806.895 0.462512254715
1479425806.945 0.457276254892
1479425806.995 0.457276254892
1479425807.045 0.457276254892
1479425807.095 0.466002911329
1479425807.145 0.459021598101
1479425807.195 0.466002911329
1479425807.245 0.466002911329
1479425807.295 0.467748224735
1479425807.345 0.459021598101
1479425807.395 0.47822022438
1479425807.445 0.47822022438
1479425807.495 0.472984224558
1479425807.545 0.460766911507
1479425807.595 0.466002911329
1479425807.645 0.467748224735
1479425807.695 0.476474881172
1479425807.745 0.462512254715
1479425807.795 0.490437507629
1479425807.845 0.488692194223
1479425807.895 0.485201537609
1479425807.945 0.464257568121
1479425807.995 0.481710880995
1479425808.045 0.481710880995
1479425808.095 0.469493567944
1479425808.145 0.466002911329
1479425808.195 0.448549628258
1479425808.245 0.438077628613
1479425808.295 0.424115002155
1479425808.345 0.418879032135
1479425808.395 0.417133688927
1479425808.445 0.417133688927
1479425808.495 0.413643032312
1479425808.545 0.413643032312
1479425808.595 0.417133688927
1479425808.645 0.417133688927
1479425808.695 0.417133688927
1479425808.745 0.417133688927
1479425808.795 0.417133688927
1479425808.845 0.417133688927
1479425808.895 0.417133688927
1479425808.945 0.417133688927
1479425808.995 0.422369688749
1479425809.045 0.422369688749
1479425809.095 0.445058971643
1479425809.145 0.446804285049
1479425809.195 0.445058971643
1479425809.245 0.434586971998
1479425809.295 0.422369688749
1479425809.345 0.420624345541
1479425809.395 0.418879032135
1479425809.445 0.418879032135
1479425809.495 0.420624345541
1479425809.545 0.422369688749
1479425809.595 0.422369688749
1479425809.645 0.422369688749
1479425809.695 0.422369688749
1479425809.745 0.424115002155
1479425809.795 0.425860345364
1479425809.845 0.425860345364
1479425809.895 0.425860345364
1479425809.945 0.425860345364
1479425809.995 0.424115002155
1479425810.045 0.424115002155
1479425810.095 0.422369688749
1479425810.145 0.422369688749
1479425810.195 0.422369688749
1479425810.245 0.424115002155
1479425810.295 0.424115002155
1479425810.345 0.424115002155
1479425810.395 0.422369688749
1479425810.445 0.425860345364
1479425810.495 0.425860345364
1479425810.545 0.424115002155
1479425810.595 0.422369688749
1479425810.645 0.424115002155
1479425810.695 0.418879032135
1479425810.745 0.415388375521
1479425810.795 0.422369688749
1479425810.845 0.413643032312
1479425810.895 0.413643032312
1479425810.945 0.413643032312
1479425810.995 0.422369688749
1479425811.046 0.422369688749
1479425811.095 0.434586971998
1479425811.146 0.438077628613
1479425811.195 0.443313628435
1479425811.246 0.445058971643
1479425811.295 0.446804285049
1479425811.345 0.450294941664
1479425811.396 0.455530941486
1479425811.446 0.460766911507
1479425811.495 0.469493567944
1479425811.546 0.474729567766
1479425811.596 0.474729567766
1479425811.646 0.472984224558
1479425811.696 0.462512254715
1479425811.746 0.452040284872
1479425811.796 0.434586971998
1479425811.846 0.424115002155
1479425811.896 0.417133688927
1479425811.946 0.413643032312
1479425811.996 0.413643032312
1479425812.046 0.411897689104
1479425812.096 0.411897689104
1479425812.146 0.410152375698
1479425812.196 0.404916375875
1479425812.246 0.399680405855
1479425812.296 0.38397243619
1479425812.346 0.366519153118
1479425812.396 0.333357900381
1479425812.446 0.308923274279
1479425812.496 0.268780708313
1479425812.546 0.242600768805
1479425812.596 0.212930172682
1479425812.646 0.20769418776
1479425812.696 0.209439516068
1479425812.746 0.214675500989
1479425812.796 0.223402142525
1479425812.846 0.226892799139
1479425812.896 0.225147470832
1479425812.946 0.221656814218
1479425812.996 0.212930172682
1479425813.046 0.181514248252
1479425813.096 0.181514248252
1479425813.146 0.178023576736
1479425813.196 0.185004904866
1479425813.246 0.190240889788
1479425813.296 0.209439516068
1479425813.346 0.225147470832
1479425813.396 0.230383455753
1479425813.446 0.214675500989
1479425813.496 0.183259576559
1479425813.546 0.164060950279
1479425813.596 0.141371667385
1479425813.646 0.127409040928
1479425813.696 0.108210414648
1479425813.746 0.0959931090474
1479425813.796 0.0855211317539
1479425813.846 0.0750491544604
1479425813.896 0.0610865242779
1479425813.946 0.0523598790169
1479425813.996 0.0488692186773
1479425814.046 0.0488692186773
1479425814.096 0.0488692186773
1479425814.146 0.0488692186773
1479425814.196 0.0506145469844
1479425814.246 0.0593411959708
1479425814.296 0.0593411959708
1479425814.346 0.0628318563104
1479425814.396 0.0628318563104
1479425814.446 0.0610865242779
1479425814.496 0.0610865242779
1479425814.546 0.0715584978461
1479425814.596 0.0488692186773
1479425814.646 0.0785398185253
1479425814.696 0.0733038261533
1479425814.746 0.0575958639383
1479425814.796 0.0488692186773
1479425814.846 0.0436332300305
1479425814.896 0.0436332300305
1479425814.946 0.0436332300305
1479425814.996 0.0436332300305
1479425815.046 0.0436332300305
1479425815.096 0.0349065847695
1479425815.146 0.0331612564623
1479425815.196 0.0314159281552
1479425815.246 0.0226892810315
1479425815.296 0.0174532923847
1479425815.346 0.0139626339078
1479425815.396 0.0069813169539
1479425815.446 -0.00872664619237
1479425815.496 -0.0226892810315
1479425815.546 -0.0401425734162
1479425815.596 -0.0366519130766
1479425815.646 -0.0191986225545
1479425815.696 0.00174532923847
1479425815.746 0.0349065847695
1479425815.796 0.0471238903701
1479425815.846 0.0488692186773
1479425815.896 0.045378562063
1479425815.946 0.0383972451091
1479425815.996 0.0366519130766
1479425816.046 0.0366519130766
1479425816.096 0.0244346093386
1479425816.146 0.0157079640776
1479425816.196 0.0069813169539
1479425816.246 -0.00349065847695
1479425816.296 0.0331612564623
1479425816.346 -0.0191986225545
1479425816.396 -0.0279252678156
1479425816.446 -0.0279252678156
1479425816.496 0.0314159281552
1479425816.546 -0.0226892810315
1479425816.596 -0.0226892810315
1479425816.646 -0.0226892810315
1479425816.696 0.0296705979854
1479425816.746 -0.0209439508617
1479425816.797 -0.0226892810315
1479425816.847 -0.0261799395084
1479425816.896 0.0279252678156
1479425816.946 -0.0226892810315
1479425816.997 -0.0226892810315
1479425817.046 -0.0226892810315
1479425817.097 -0.0191986225545
1479425817.147 0.0209439508617
1479425817.197 0.0244346093386
1479425817.247 0.0157079640776
1479425817.297 0.0069813169539
1479425817.347 0.0
1479425817.397 -0.00349065847695
1479425817.447 -0.00523598771542
1479425817.497 -0.00523598771542
1479425817.547 -0.0069813169539
1479425817.597 -0.0122173046693
1479425817.647 -0.0209439508617
1479425817.697 -0.0296705979854
1479425817.747 -0.0436332300305
1479425817.797 -0.0506145469844
1479425817.847 -0.0558505356312
1479425817.897 -0.0558505356312
1479425817.947 -0.0558505356312
1479425817.997 -0.054105207324
1479425818.047 -0.054105207324
1479425818.097 -0.045378562063
1479425818.147 -0.0401425734162
1479425818.197 -0.0366519130766
1479425818.247 -0.0366519130766
1479425818.297 -0.0366519130766
1479425818.347 -0.0418879017234
1479425818.397 -0.0488692186773
1479425818.447 -0.0593411959708
1479425818.497 -0.0715584978461
1479425818.547 -0.0872664600611
1479425818.597 -0.0959931090474
1479425818.647 -0.104719758034
1479425818.697 -0.104719758034
1479425818.747 -0.104719758034
1479425818.797 -0.104719758034
1479425818.847 -0.106465086341
1479425818.897 -0.108210414648
1479425818.947 -0.120427720249
1479425818.997 -0.130899697542
1479425819.047 -0.130899697542
1479425819.097 -0.164060950279
1479425819.147 -0.134390354156
1479425819.197 -0.176278248429
1479425819.247 -0.179768919945
1479425819.297 -0.179768919945
1479425819.347 -0.143116995692
1479425819.397 -0.181514248252
1479425819.447 -0.195476874709
1479425819.497 -0.209439516068
1479425819.547 -0.146607652307
1479425819.597 -0.240855440497
1479425819.647 -0.242600768805
1479425819.697 -0.23911011219
1479425819.747 -0.151843652129
1479425819.797 -0.228638127446
1479425819.847 -0.230383455753
1479425819.897 -0.235619455576
1479425819.947 -0.157079637051
1479425819.997 -0.246091425419
1479425820.047 -0.246091425419
1479425820.097 -0.240855440497
1479425820.147 -0.237364783883
1479425820.197 -0.235619455576
1479425820.247 -0.237364783883
1479425820.297 -0.240855440497
1479425820.347 -0.253072738647
1479425820.397 -0.260054051876
1479425820.447 -0.268780708313
1479425820.497 -0.272271364927
1479425820.547 -0.272271364927
1479425820.597 -0.272271364927
1479425820.647 -0.270526021719
1479425820.697 -0.272271364927
1479425820.747 -0.275762021542
1479425820.797 -0.280998021364
1479425820.847 -0.284488677979
1479425820.897 -0.284488677979
1479425820.947 -0.284488677979
1479425820.997 -0.284488677979
1479425821.047 -0.284488677979
1479425821.097 -0.284488677979
1479425821.147 -0.284488677979
1479425821.197 -0.286233991385
1479425821.247 -0.286233991385
1479425821.297 -0.286233991385
1479425821.347 -0.286233991385
1479425821.397 -0.284488677979
1479425821.447 -0.28274333477
1479425821.497 -0.27750736475
1479425821.547 -0.274016678333
1479425821.597 -0.267035365105
1479425821.647 -0.26354470849
1479425821.697 -0.261799395084
1479425821.747 -0.261799395084
1479425821.797 -0.261799395084
1479425821.847 -0.261799395084
1479425821.897 -0.261799395084
1479425821.947 -0.261799395084
1479425821.997 -0.261799395084
1479425822.047 -0.261799395084
1479425822.097 -0.261799395084
1479425822.147 -0.261799395084
1479425822.197 -0.26354470849
1479425822.247 -0.265290051699
1479425822.297 -0.268780708313
1479425822.347 -0.272271364927
1479425822.397 -0.261799395084
1479425822.447 -0.279252678156
1479425822.497 -0.284488677979
1479425822.548 -0.291469991207
1479425822.598 -0.307177960873
1479425822.647 -0.319395244122
1479425822.698 -0.34033921361
1479425822.748 -0.352556496859
1479425822.798 -0.363028496504
1479425822.848 -0.363028496504
1479425822.898 -0.354301840067
1479425822.948 -0.34033921361
1479425822.998 -0.261799395084
1479425823.048 -0.261799395084
1479425823.098 -0.307177960873
1479425823.148 -0.30194196105
1479425823.198 -0.303687304258
1479425823.248 -0.30194196105
1479425823.298 -0.296705961227
1479425823.348 -0.284488677979
1479425823.398 -0.26354470849
1479425823.448 -0.247836753726
1479425823.498 -0.23212878406
1479425823.548 -0.226892799139
1479425823.598 -0.228638127446
1479425823.648 -0.233874112368
1479425823.698 -0.242600768805
1479425823.748 -0.244346097112
1479425823.798 -0.242600768805
1479425823.848 -0.242600768805
1479425823.898 -0.242600768805
1479425823.948 -0.242600768805
1479425823.998 -0.242600768805
1479425824.048 -0.23911011219
1479425824.098 -0.23911011219
1479425824.148 -0.23212878406
1479425824.198 -0.21991148591
1479425824.248 -0.212930172682
1479425824.298 -0.205948844552
1479425824.348 -0.20769418776
1479425824.398 -0.223402142525
1479425824.448 -0.242600768805
1479425824.498 -0.268780708313
1479425824.548 -0.27750736475
1479425824.598 -0.27750736475
1479425824.648 -0.272271364927
1479425824.698 -0.261799395084
1479425824.748 -0.260054051876
1479425824.798 -0.267035365105
1479425824.848 -0.280998021364
1479425824.898 -0.293215304613
1479425824.948 -0.296705961227
1479425824.998 -0.293215304613
1479425825.048 -0.256563395262
1479425825.098 -0.256563395262
1479425825.148 -0.240855440497
1479425825.198 -0.226892799139
1479425825.248 -0.28274333477
1479425825.298 -0.233874112368
1479425825.348 -0.242600768805
1479425825.398 -0.253072738647
1479425825.448 -0.27750736475
1479425825.498 -0.26354470849
1479425825.548 -0.270526021719
1479425825.598 -0.289724647999
1479425825.648 -0.270526021719
1479425825.698 -0.310668617487
1479425825.748 -0.317649930716
1479425825.798 -0.331612557173
1479425825.848 -0.26354470849
1479425825.898 -0.34033921361
1479425825.948 -0.331612557173
1479425825.998 -0.315904587507
1479425826.048 -0.293215304613
1479425826.098 -0.293215304613
1479425826.148 -0.30194196105
1479425826.198 -0.307177960873
1479425826.248 -0.303687304258
1479425826.298 -0.286233991385
1479425826.348 -0.28274333477
1479425826.398 -0.280998021364
1479425826.448 -0.279252678156
1479425826.498 -0.268780708313
1479425826.548 -0.254818081856
1479425826.598 -0.237364783883
1479425826.648 -0.23212878406
1479425826.698 -0.23212878406
1479425826.748 -0.233874112368
1479425826.798 -0.235619455576
1479425826.848 -0.235619455576
1479425826.898 -0.235619455576
1479425826.948 -0.235619455576
1479425826.998 -0.235619455576
1479425827.048 -0.23911011219
1479425827.098 -0.23911011219
1479425827.148 -0.235619455576
1479425827.198 -0.23212878406
1479425827.248 -0.228638127446
1479425827.298 -0.226892799139
1479425827.348 -0.226892799139
1479425827.398 -0.226892799139
1479425827.448 -0.225147470832
1479425827.498 -0.223402142525
1479425827.548 -0.218166157603
1479425827.598 -0.218166157603
1479425827.648 -0.244346097112
1479425827.698 -0.27750736475
1479425827.748 -0.32114058733
1479425827.798 -0.237364783883
1479425827.848 -0.343829870224
1479425827.898 -0.342084527016
1479425827.948 -0.335103213787
1479425827.998 -0.32637655735
1479425828.048 -0.32637655735
1479425828.098 -0.296705961227
1479425828.148 -0.291469991207
1479425828.198 -0.287979334593
1479425828.248 -0.291469991207
1479425828.298 -0.315904587507
1479425828.348 -0.280998021364
1479425828.398 -0.272271364927
1479425828.448 -0.267035365105
1479425828.498 -0.310668617487
